30
1
0
62
162
62
162
324
200
200
200
1
0
262
162
162
324
262
200
200
200
1
162
324
62
324
262
162
200
200
200
1
262
162
0
324
62
162
200
200
200
1
162
0
62
162
0
262
200
200
200
1
162
0
262
0
62
162
200
200
200
1
62
162
324
0
262
162
200
200
200
1
162
324
262
162
324
62
200
200
200
1
324
262
162
262
162
0
200
200
200
1
324
62
162
162
0
62
200
200
200
1
162
0
262
62
162
324
200
200
200
1
62
162
324
162
324
262
200
200
200
1
162
324
262
324
262
162
200
200
200
1
324
262
162
324
62
162
200
200
200
1
162
0
262
324
62
162
200
200
200
1
262
162
324 
162
0
262
200
200
200
1
262
162
324 
62
162
324
200
200
200
1
262
162
324 
162
324
262
200
200
200
1
262
162
324 
324
262
162
200
200
200
1
262
162
324 
324
62
162
200
200
200

1
62
162
0
0
62
162
200
200
200
1
62
162
0
0
262
162
200
200
200
1
62
162
0
162
324
62
200
200
200
1
62
162
0
262
162
0
200
200
200
1
62
162
0
162
0
62
200
200
200

1
0
62
162
0
262
162
200
200
200
1
0
262
162
162
324
62
200
200
200
1
162
324
62
262
162
0
200
200
200
1
262
162
0
162
0
62
200
200
200
1
162
0
62
0
62
162
200
200
200
